  
  0.100000001      0.490960926    
  0.300000012      0.560943365    
  0.500000000      0.642294168    
  0.699999988      0.736996531    
  0.900000036      0.847396195    
   1.10000002      0.976268172    
   1.30000007       1.12689948    
   1.50000000       1.30318463    
   1.70000005       1.50974274    
   1.89999998       1.75205398   
    
  0.100000001      0.490962118    
  0.300000012      0.560943484    
  0.500000000      0.642294168    
  0.699999988      0.736996412    
  0.900000036      0.847396135    
   1.10000002      0.976268113    
   1.30000007       1.12689936    
   1.50000000       1.30318475    
   1.70000005       1.50974298    
   1.89999998       1.75205302   
    
  
  0.100000001      0.490970612    
  0.300000012      0.560939848    
  0.500000000      0.642293930    
  0.699999988      0.736995280    
  0.900000036      0.847394824    
   1.10000002      0.976266801    
   1.30000007       1.12689674    
   1.50000000       1.30318522    
   1.70000005       1.50972962    
   1.89999998       1.75209010    
