Here we go!!!

 1 2 3 4 5 6 7 8 9 10
 2 2 3 4 5 6 7 8 9 10
 3 3 3 4 5 6 7 8 9 10
 4 4 4 4 5 6 7 8 9 10
 5 5 5 5 5 6 7 8 9 10
 6 6 6 6 6 6 7 8 9 10
 7 7 7 7 7 7 7 8 9 10
 8 8 8 8 8 8 8 8 9 10
 9 9 9 9 9 9 9 9 9 10
 10 10 10 10 10 10 10 10 10 10

 6 5 4 4 4 4 4 4 4 5 6 7 8 9 10
 6 5 4 3 3 3 3 3 4 5 6 7 8 9 10
 6 5 4 3 2 2 2 3 4 5 6 7 8 9 10
 6 5 4 3 2 1 2 3 4 5 6 7 8 9 10
 6 5 4 3 2 2 2 3 4 5 6 7 8 9 10
 6 5 4 3 3 3 3 3 4 5 6 7 8 9 10
 6 5 4 4 4 4 4 4 4 5 6 7 8 9 10
 6 5 5 5 5 5 5 5 5 5 6 7 8 9 10
 6 6 6 6 6 6 6 6 6 6 6 7 8 9 10
 7 7 7 7 7 7 7 7 7 7 7 7 8 9 10
 8 8 8 8 8 8 8 8 8 8 8 8 8 9 10
 9 9 9 9 9 9 9 9 9 9 9 9 9 9 10
 10 10 10 10 10 10 10 10 10 10 10 10 10 10 10
 11 11 11 11 11 11 11 11 11 11 11 11 11 11 11
 12 12 12 12 12 12 12 12 12 12 12 12 12 12 12

