10 1.45636249
20 1.60761070
30 1.04159904
40 0.324568272
50 -0.208124757
60 -0.391812384
70 -0.180872962
80 0.393682659
90 1.25747144
100 2.31754208
110 3.47970724
120 4.65964890
130 5.78905487
140 6.81802177
150 7.71480131
160 8.46385479
170 9.06296635
180 9.51998234
190 9.84962845
200 10.0706310
210 10.2033215
220 10.2677984
230 10.2826023
240 10.2638950
250 10.2250443
260 10.1765232
270 10.1260614
280 10.0789413
290 10.0383797
300 10.0059633
310 9.98204136
320 9.96611500
330 9.95715141
340 9.95384312
350 9.95481014
360 9.95873833
370 9.96446419
380 9.97103119
390 9.97770119
400 9.98394489
410 9.98942852
420 9.99397469
430 9.99753189
440 10.0001345
450 10.0018854
460 10.0029182
470 10.0033789
480 10.0034122
490 10.0031567
500 10.0027199
510 10.0021973
520 10.0016584
530 10.0011501
540 10.0007067
550 10.0003443
560 10.0000629
570 9.99986362
580 9.99973679
590 9.99966908
600 9.99964714
610 9.99966240
620 9.99969578
630 9.99974442
640 9.99979782
650 9.99985027
660 9.99989986
670 9.99994087
680 9.99997425
690 9.99999714
700 10.0000153
710 10.0000286
720 10.0000372
730 10.0000420
740 10.0000439
750 10.0000439
760 10.0000429
770 10.0000420
780 10.0000420
790 10.0000401
800 10.0000401
810 10.0000391
820 10.0000381
830 10.0000381
840 10.0000381
850 10.0000381
860 10.0000381
870 10.0000381
880 10.0000381
890 10.0000381
900 10.0000381
910 10.0000381
920 10.0000391
930 10.0000391
940 10.0000391
950 10.0000391
960 10.0000391
970 10.0000391
980 10.0000391
990 10.0000391
1000 10.0000391